100
1 2
01
00
4 9
110111101 100100111 001100010 011111000
111011001 000000110 101000011 010011100
6 9
101100010 011000111 010010111 100111000 100110010 010011101
010011111 100110000 100111010 011001111 101101010 010010101
2 7
1101100 0010011
0001000 0101110
2 5
10100 11110
00101 01111
10 10
0100011000 1001100011 1000110000 1111011010 1010010011 0111001101 0100101111 1011000101 0101110100 0010101110
1110101111 0010100111 0000011110 0111000100 1010110000 1101011010 1100001001 0001110010 0001000101 1111111001
2 6
111011 100110
000110 011011
3 10
0110101111 0010000010 1111000010
1001111101 0101000110 1111000110
10 10
0111001100 0001101001 1010101101 1101011010 1011000010 0000010011 1100111110 0110110101 1111100111 0000010000
0011001001 1011100010 0010110000 0100010101 0100010110 1111000111 1000111011 1001011111 0101101100 1110101000
3 10
1101001111 0010001010 1101000011
1100100101 0001111101 1001000101
10 10
0001100010 0011011100 1101110111 0110001111 0010110100 1001001000 1101010010 0110000101 1110111001 1000101011
0110000000 0001101101 1101011101 1101111000 0011010011 0110001010 0010111011 1000100100 1110110110 1001000111
3 8
00000010 10101111 11010001
10001001 10001000 00010010
3 9
111011000 000000011 011100101
100111100 111001001 010001110
4 6
101001 110111 110110 101000
101000 101001 110110 110111
6 9
011001000 001101010 101111010 110110111 010100111 111011000
000001110 100011110 010101100 110111100 001100001 101110001
10 10
1011111001 0000100000 1100011100 0110010010 1110111011 0111100011 0000011110 0011001101 1001000110 1101100101
1111011110 1010000001 1011110000 1100110011 0010101000 0101010101 0000001111 0001110110 0111101010 1100001101
10 10
1110001010 0100100101 0001111010 0110011000 1101101100 1001010000 0010110001 1011001111 0110000111 1001110111
0011000110 1111010000 0101100101 0111011101 1100011011 1010001111 1000101101 0000100000 1000110010 0111111010
6 9
110010010 010011010 101000101 010110010 001100101 001001101
110011010 110110010 101100101 101001101 010010010 001000101
2 9
100100110 001111100
110110011 011101001
1 6
111111
000101
10 5
00000 11111 11101 11011 00111 00101 00011 11000 00100 11100
11101 00000 00101 11110 11010 00010 00001 00110 11000 11001
2 8
01101110 11101101
11001101 01001110
10 10
1110001101 1100101101 0110110010 0111010000 0100000111 1001101010 0011110100 1001100011 1011011010 0000011101
0100111110 1010101110 1111111001 1000001110 0010010001 1101001001 0011110011 0111010111 0000100100 1101000000
1 7
1100101
0101011
4 4
1101 1010 1011 1110
0000 0011 0101 0100
1 2
10
11
6 9
010011010 010111010 010111111 010011111 110100101 110000101
111011110 011100100 011100001 111111110 011000001 011000100
10 10
1010100100 0010101111 0000011010 0101000101 1011001001 1000001100 1110110010 1101110101 0111011011 0101110010
0111011111 0000001110 1010100000 1111010100 1000111110 0011001001 0110110010 1101100001 1000001001 0101110111
6 5
11101 10001 11010 01001 11110 10010
11011 11111 00000 01011 00011 01010
8 5
10110 01010 00010 01011 10001 10101 01100 10000
10010 01110 01000 11100 10101 01111 10100 01011
9 8
10011101 01111011 00110000 01101000 00001010 10111001 11010010 11100011 01100110
00111010 00101011 11110100 10010111 10110010 11010110 11010111 01111000 11011101
8 9
101011000 000101100 001001111 100110110 010100010 110011111 100010110 001010100
110010000 110001011 011001001 011101001 111110011 101111101 001000000 010000111
10 10
1111110110 1100001011 0011010010 0101110101 1000000010 0000011001 1110111100 0011001101 0000101000 1111100111
1101011000 0110001000 1110010011 0010000001 0001111100 0001101101 1101000111 1011111111 1110100010 0000110110
10 10
1110001111 0110011101 1000010010 1011100101 0111010111 0001111100 1000000000 0110101000 1101111010 0001100011
0101011111 0010001011 1100110001 1100100011 0011110100 0101000000 1001011001 1010101100 1111000110 0010111110
6 8
01101100 10100011 11111111 10010101 01111110 11110111
00101101 10110110 10111110 00111111 11010100 11100010
10 10
0000111110 0110011101 0000110000 0101101011 1011000100 1111001101 1111110000 1001010111 1000100011 0110001010
0110111010 1111011101 0111001110 0000011101 0000100000 0100101001 1111010011 1001110000 1010000110 1001100111
2 4
1110 1011
0101 0000
4 9
011011111 110001111 110000111 011010111
101101111 000110111 000111111 101100111
10 10
0111101010 1001011011 1110110010 1001101010 1100000011 0110100100 1100010101 0011111101 0010011100 0001000101
1010000010 0011011010 0001101011 1111110100 1011001100 0100110011 0001111101 1110010101 0100000010 1100101101
5 9
001101011 101111010 110011011 100100110 010101100
110101001 110100001 001011001 101111110 000010011
2 6
000011 000110
101010 101111
10 10
0100000111 1101011000 0111000001 0011111001 1011111100 0100101110 1110110011 0000000011 1000111100 1011000110
0111110011 1011001110 0111001001 1100001100 0100110011 0001010111 1000001000 1111110110 1000100001 0010111100
4 6
110100 100110 000100 110111
011111 001100 111110 110011
10 10
0100111000 0011010010 1000101111 1111110101 1110110111 1111001010 0100100100 0011011000 0000001011 1001000101
0001010001 0110110001 0001001101 1101000110 0110111011 1100101100 0101100010 1010011100 1010100011 1011011110
2 8
11000000 01110101
10111101 00001000
10 10
0001110110 0010100000 1000010110 1111001001 0100110100 1001011101 0101101011 1110101111 1011001001 0110010010
1101100101 0010011000 1011110001 1000100111 1111000011 0001000111 0110011000 0000001100 0111111110 1100111010
8 7
0001010 0000001 1101010 0001011 0010101 0000000 1100000 0011111
1001111 1011010 1010000 1000101 1010001 0111010 0110000 1011011
8 8
10000010 11000111 10110010 01101001 01100011 00001111 11101110 00000001
11101100 11100110 10001010 00110111 10000100 01101011 01000010 00000111
9 8
01001111 10111000 01100001 01111110 10010100 01010010 10001000 00100010 00001101
10101110 01000001 10011000 10000001 11001100 10110110 01110110 11100001 11001101
8 10
0000000001 0010011110 1010111101 0010011111 1010111100 0000000000 1001010100 1001010101
0111011101 1111111111 1111111110 0100110100 1101100000 0100110101 1101100001 0111011100
6 8
01001000 01110010 00101111 10101011 11110001 10011100
10000101 00111110 00100111 10110101 10100101 01111010
8 9
110000111 000111010 111001111 100001100 010010011 000011000 011011011 100101110
010111011 110001101 010011001 001111000 101101100 100100100 110101111 000110000
5 9
011110110 010101100 001101010 101000011 110000101
101000010 101001100 011011100 001011111 001111101
2 3
010 110
001 000
3 5
11101 10010 11011
00110 01111 01001
3 9
111001101 110000000 001011010
001111011 110100001 000110110
6 7
1011011 1010110 0100110 1110110 1111011 0000110
1010000 1110000 0001101 0000000 0100000 0101101
1 2
11
01
10 10
1100010100 1101100010 0111101011 0010111011 0010100100 0101010101 0010110111 1101011000 1001001110 1010001001
0011000110 0100101101 0000000001 0100010111 1011101011 1011110100 0101011011 1110100100 1100011010 1011111000
10 10
0010111100 1101011111 0101100001 1001110110 1111001010 1110010111 1000000110 0100010001 0011101000 0010101001
0001010001 0010011001 0011000100 0100001000 1001101111 1000011111 0101111000 1111100110 1110110010 1110100111
10 6
110010 101110 011001 001001 110001 011010 001010 101101 010101 010110
101110 001010 101101 000110 110010 010110 001001 000101 010101 110001
7 10
0111010000 0110100000 0001111001 0100011010 1111110100 1100000010 0010110011
1110111100 0010011100 1000101111 0001111101 1110101001 1001110010 1101100000
10 10
1111010110 1001111010 0001001111 1000100110 0110001001 0010110000 0011111001 0100011101 1100000010 1111100101
1100100011 0111101000 1001110001 0111011011 1011000111 1110110111 0100111100 0000011000 1010001110 0001000100
10 10
1101011110 1011000100 1011111010 1101000011 0011100011 0110111100 1000011001 0100110111 0110001000 0000100101
0000111110 1001010111 1110000011 1011011100 0110011010 0101111001 1101000101 0110100100 0000100011 1011101000
3 8
00101110 01001000 11000111
01110100 00001101 00011110
10 10
1001001100 0101110111 0110101001 0110010000 0000011110 1001100011 1010010000 0100101010 1011111101 1111000111
0011101010 1111010011 0000110110 0000011001 1001100100 1100001101 0110111101 1111101010 0010000111 1101010000
10 10
0010011011 1010000110 0010000110 0101110001 0011110001 1110000001 1101111110 1000111010 0101001100 1101101101
1110101111 1100010011 0111011000 1001000100 1001010111 0001100101 0110101111 0110110010 1010101000 0001011000
10 10
1000100110 1000010011 0101011001 1111100100 0111011101 0011101101 1011011010 0100100001 1000110110 0110001010
0101001100 1001001011 0100011011 0111001000 0001111100 1010110111 1101110101 1010100111 1010000010 0110110000
10 10
0100000011 1000110101 0011100101 1101011111 1001010010 0101111001 0110001000 0011111110 1110101000 1010000110
1001110111 1101111010 0001010001 1010000000 1110101110 0000101011 1100011101 0111010110 0111001101 0010100000
2 9
010101001 001010111
000100110 011011000
10 10
0001011110 1110111100 0000101001 1111010001 0010000001 0110010110 0001110010 1110101110 1001000001 1101101111
0110011111 0001100010 1111110111 1101011111 1110000000 0000001111 0010110001 1110101100 1001001000 0001110000
7 7
0110010 1011100 1010011 0001100 0100111 0011110 1100010
0110011 1110110 0001010 1001000 0011000 0100110 1000111
6 10
1000010001 0000000011 0000000110 1100110100 1000010100 1100110001
1100101001 1000001100 0100111110 1000001001 1100101100 0100111011
1 8
11111011
00000010
2 5
11000 10001
11110 10111
6 4
1000 0000 0100 1010 1110 1111
0101 1001 1110 1111 1011 0001
10 10
1111000011 0101111011 0000101011 1111000100 0000110010 1100001001 1011011110 0011011100 0000100100 1110110101
0110110010 1100001101 0011100010 1101111100 1100001010 1000010111 0000010101 0011111011 0011101101 1111000000
10 10
0010110000 0110111110 1001001000 1011111010 1100101110 0101110101 1110001011 1010000101 0101010001 0001000111
0010000011 1101110011 0001001000 1110111110 1100001100 1011011000 1001111101 0101000110 0010100111 0110110001
10 10
0011111100 1111101011 1110011010 1001010101 0000000101 0100100000 1000111010 0000110011 0111001100 1111000111
0011000110 0000001001 1100011110 0111010101 1100110010 0100111001 0011110000 1010100000 1101101111 1011001111
2 6
010010 110000
010001 110011
2 9
001001110 111100111
111011110 001110111
10 10
0100001011 1110000101 1000000011 0111010110 0101111011 1001110100 1011111110 0001000001 1110111000 0010101100
1001111011 1100000000 1111111101 0110111111 0101010010 0000101000 1110001010 0010000101 0011110101 1001000110
1 6
100010
111001
3 9
110111010 000100001 101111111
100111011 010100000 111111110
6 8
00010100 00111100 01001101 10100011 00100100 11100000
01000001 00010110 00000011 00100001 10101101 10011111
6 4
0100 1101 0101 0111 0110 1100
1011 1000 1001 0000 0001 1010
10 10
0111000101 1100011010 1100011101 0010101100 0010110000 1100100001 0101110111 1001011111 0011101010 1011000010
1101011000 0110000111 1000101101 0110111100 1111101010 0011000010 1000110001 0110000000 1001110111 0001011111
10 10
0111101111 0111110000 0101011011 1100110101 0001000110 1010001010 1110011111 1001100100 1000001000 0010110001
0111001100 1110000010 1010011111 1000101011 0110100000 1101110101 0011110001 0001011011 0101001110 1000110100
2 10
0010101011 0101111100
1010001011 1101011100
3 10
0011010000 0011110001 0001101101
1010001010 1110111110 1110110011
10 10
1011000111 1010011010 0010001101 0000011010 1110100011 0101000000 0101111111 0101101101 1001110100 1110110000
1111001001 0001100011 0100000110 1011100011 0011110100 1000001101 0100010100 1010111110 1111011010 0100111001
8 7
0010111 0000110 0110011 1111110 1100110 0001011 0100000 1100111
0111011 1011111 0111110 0100100 0001100 1001111 1000000 0100110
10 10
0011001111 0101110011 0010011001 1110110010 1001100100 0000001110 1010100101 1111011000 0101010000 1100101111
0101111100 0111100001 0001101011 0100010110 1110011110 1001010111 1011000000 1110111101 0010101010 1000000001
1 6
111000
111001
2 9
101110111 100100000
000100000 001110111
10 10
0110100011 1100101110 0000001100 1000110010 0111110000 1101111101 0110010010 1011001101 0011010111 1001001001
1010010000 1011000011 0100101001 1011110010 1101101100 0101010010 0001001110 1110110111 0110101101 0000011101
4 6
001101 000100 101000 001001
000000 101100 001001 001101
10 10
1000011001 1001100000 0111001010 1011101010 0101001101 0110111111 1010110101 0011000100 1100110010 0100010111
1010000010 0110001100 0101010001 1011111011 0001011111 1110101001 1001110001 0111010110 1000101110 0100100100
4 5
00000 01001 11101 10100
10000 11001 00100 01101
2 6
110010 001110
001111 110011
