100
1 2
01
11
10 10
1011000010 0001110100 1110101110 0111010011 0000101101 0011101110 0100001011 1001110001 1100010100 1110011001
0010110011 1000101100 1101001001 0001110000 0110001110 1111000100 0101010110 1010011111 0000101001 1111110011
3 8
01001001 01011101 01011011
01001011 00010100 00100111
7 6
111101 101000 101010 011000 110011 000110 001010
110001 000100 111111 101010 011010 001000 101000
1 6
011001
111000
10 10
0100011000 1111001111 1001001100 0110110000 0100100111 0010111100 1010100001 1011000111 1101011011 0001110010
0010010000 1111100111 0000111000 0000000111 0101010010 1110000001 0110011100 1001111011 1101101100 1011101111
10 10
1011000001 1101111010 0000101101 1111111011 0001110101 1010011100 0110000100 1111000011 0100000110 0000111010
1100010111 1101001010 1011110001 1001001000 0111111110 0010001101 0110100110 0000001111 1001110000 0110110001
8 9
101001010 100011101 011110010 101110110 000010010 100011010 101010001 010001001
100010000 100110111 100101100 010010100 101111100 101111011 011101111 001110100
10 10
1100001110 1111110011 0011001111 0000001010 0011011111 0100100000 1011000001 1101111000 0010110101 1100110100
1100111001 1100101001 1011000110 0011010010 1111101100 0100100111 0011101000 0000010101 0010011110 1101010011
10 8
00101000 11100011 11100101 10101100 01010001 10111000 01100001 10101010 11110001 00011000
01010101 10001100 00001110 01000001 00011100 00001000 01000111 10111100 11000101 11110101
4 3
100 111 101 110
111 110 101 100
10 10
0101111100 0011111111 1111011011 1000010000 0100000110 1110100010 0000001011 1001100101 0110111101 1011000000
0000000010 0100011001 0011010010 1000111101 0101100000 1110111110 1101111111 1011001001 1111000100 0010100111
2 7
0110101 0111110
1010101 0000110
7 10
1110010001 0010111010 0000000101 0010010110 1101111000 0010000001 1100110011
1010111010 0100110011 0110010001 1010000001 1010010110 1000000101 0101111000
10 10
0011011100 0001000010 1111110101 1100111100 0100000011 1011010111 0111111001 1110101111 1000100000 0000001010
1000100010 0010110111 0111110110 0000101001 1101011010 1011010101 1111001001 0011111111 1100000000 0100001100
3 3
011 001 101
100 010 000
2 8
00011111 01010000
00001111 01000000
10 10
1000100110 1111110110 0101011111 0110111011 1001011001 1010000100 1010100000 0101100000 0011001111 0100011001
0110110001 0111001000 1001110001 0000011110 0101101010 1001010101 1011110111 1010001000 1100100111 0110001110
4 4
1100 0011 1101 0000
1100 0111 1001 0110
9 6
001100 101101 011100 100101 010101 010010 010111 111100 110010
011000 110011 100010 011101 000011 010011 011010 101010 111101
2 3
001 011
000 010
1 3
111
110
6 10
0011101000 1011100001 1111000111 0010111000 0111001110 0110011110
1101000111 0001101000 0101001110 0100011110 0000111000 1001100001
10 10
1011010101 1100001010 0101110011 1010011101 0001000001 0100101010 1101011010 0010100110 0010101101 1111110100
0100001110 1011111001 0011010000 1010101001 1101110110 1001010111 0100000101 0111100010 1100111110 0010001001
10 10
0111101001 1101001010 0010110000 1000011101 1100100001 0000110110 0001001110 1110110111 0111011011 1011000100
0110010111 1010010011 1100011101 0000110000 1011111000 0101101001 0000000010 1111000100 1001101110 0111101111
10 10
1110010111 1111001111 0000111110 0101101010 1101000010 0100100000 1010010001 0010110001 0001011101 1011101100
0110101010 0011010111 0111100000 1100011101 1000011011 0010110100 1001100110 1101000101 1111001000 0000111011
4 4
1001 0000 1100 0011
0111 1000 1101 0100
10 10
1111001011 0000110011 0111010101 0100100101 1111001111 0000011100 1001111000 0010100110 1011101000 1100010010
1010111011 0110011010 0011110000 1110101101 0101000011 1101011101 1000101110 0001100000 1010010100 0101000111
10 10
0010110101 0100010010 1100101011 1101001100 1101100100 0110101000 1000010000 0011001111 1011110011 0011011111
0000001111 0111010111 0011101100 0110011000 1001001001 1111101110 0110110000 1000100011 1101010100 1000110011
7 10
1100000100 0001111101 0100010000 0000110110 0000101100 1011010101 0111100101
1111010110 1000011111 1111001100 0011111110 1011101010 0100101111 1110000111
4 6
010100 101100 110101 100110
111100 101001 100100 100111
4 8
10101001 01111000 01110000 10100001
01110010 10100011 10101011 01111010
2 3
101 100
000 001
9 7
0101110 0100000 1000000 0100001 1110111 0101000 1101110 1101010 1110011
0001010 0001011 0010111 1000001 1101101 1111000 1011101 0001101 0010110
10 10
1010101110 1110010011 1011001100 0110101110 1011011110 0100110001 1001100101 0001000000 0100010001 0101111011
1111001001 1101010110 0000000010 0010101011 0011001001 0111110100 1000100111 1100011100 0010111001 1101110110
6 7
1111000 1101100 0000010 1101001 0001101 0000001
1010000 1111001 1000101 0110110 0111110 1100100
5 6
010000 000111 000100 101001 110100
010010 000110 100010 111111 010001
1 2
10
00
10 10
0010010011 1101100110 0001000010 1100101001 0011111001 1110110110 1100111000 1101011100 0010001101 0011000111
0111010110 1000010111 0111000111 1010101100 1001100011 1000101001 1001111101 0110110010 0101011000 0110001000
7 8
10111001 10010100 10001001 11000100 11101101 11101011 10101001
01000000 00010000 01101001 00001101 00101101 01101111 00111101
10 10
0101101000 1011000111 1101010110 1110110011 0100001110 0011011100 0011001100 0000110011 1000100001 1110111001
1001000010 0100100111 1010100111 0111011000 1100110101 1010101101 0000011010 1111010011 0001111100 0111001000
10 10
1101111010 0010101011 1000001000 1100100001 0100111100 1011010111 1111111010 0111000111 0001000100 0010010101
1011011011 1000000000 1010000000 1111110010 0110111110 0101101111 0011000110 1100101101 0000111101 0101010001
1 7
1100011
0110110
2 5
01010 10110
01000 10100
2 3
001 110
001 100
7 4
1111 1100 1010 0001 1110 0000 0010
1010 1000 0100 1001 0110 1100 0111
10 8
11111111 00011111 10111010 10101010 10010011 11001010 00010110 10011110 11110101 01101101
01111110 10010111 00011010 00100010 00100111 01001101 11101101 00100100 10000000 00010101
10 10
1100011110 0011111111 1011010010 0000111000 0101000011 1110111101 0010100101 1111000100 1100100010 0001001001
1101000010 1001010100 1010001110 1010110010 0101101111 0011010011 0111011001 0100110101 1000101101 0110101000
1 9
111000101
100001101
2 6
011101 000010
111110 110110
4 3
111 101 011 001
101 001 111 011
10 10
0100001100 1001001110 1110100111 0111111001 1111000001 0000100010 0001110111 0010010110 1111011000 1000111001
1110100011 0010010010 1000111101 1001001010 0111111101 1111000101 0001110011 0100001000 1111011100 0000100110
2 10
0110010001 1000111000
0100111110 0100011110
10 10
0001010001 1111110101 1010001110 1101111111 0000101110 1100100001 0011001001 0110110000 0100000110 1011011010
0000000111 1100101001 1110110001 0110100010 1001111110 0111110110 1101010110 0010001101 1011001000 0001011001
9 10
0011011101 0101110111 1000100001 0000010100 0101110001 1110001111 0110100110 1100101100 0110110101
1001010010 0101111101 0000101000 0100000010 1101100010 0000110111 1101000010 0001110111 0010111000
4 6
001101 111011 000000 000011
110011 110101 001111 001011
10 10
0101101010 0100110001 1011100101 1010000000 1100001001 0101101111 0011111010 1111010110 0000010111 1010011100
1110011001 0111111111 0000110100 0001101111 0001101010 1000001100 1110000101 0100010010 1111100000 1011010011
10 10
0110101101 0001001111 0110100101 1011010100 0101111000 1001100010 1111010011 1000011010 0110000110 1000111001
0111100000 0000000010 1110110101 1101111011 1001111100 0011010111 1110010110 0000101001 1111001101 0000001010
4 10
0011100000 0000011101 1011101010 1110000101
0001011111 1100111010 1001010101 0010100010
6 8
11000011 11110011 01000100 01000101 11101011 10110100
10100101 00100011 10100100 00001011 01010100 00010011
2 7
1101100 0010101
0010111 1101110
10 10
1110101100 1001101011 1100111010 0111000000 1110000010 0001011001 0010110111 0101000111 1001111100 0010010101
0100011000 0000000110 1101100101 1111110011 1000100011 0110011111 0011101000 1111011101 0011001010 1000110100
10 10
0111010011 1010000101 1110001101 1000101101 0000100011 0101110000 1101111110 0111011010 1010011000 0001100110
1111010010 0110000101 1100100001 1011000111 0110001100 0001111100 1001110010 1011011010 0100101111 0000111001
4 7
0011011 0011010 0011101 0000001
0000101 0000010 0000100 0011110
3 10
0001111111 0101111100 0001000000
0101101100 0001101111 0001010000
1 6
011010
001010
10 10
1011110111 1010010001 1101000010 0111001001 0100111101 0000010110 1011100000 1110101110 0101001100 0000111011
1000000011 0011100001 1010000110 0111011110 0000001101 1101011001 0110101111 1001110010 0110111000 1101110100
10 10
0100000010 0011001111 1110100100 0001010001 1101111011 0000100110 1110101001 1011111000 0010011100 1101010111
0001010111 0000100000 1110100010 0011001001 1011111110 0100000100 1101111101 1101010001 1110101111 0010011010
4 6
111001 000110 001011 110100
111001 001011 000110 110100
6 9
010101100 100011101 001101010 011001101 111111001 001100010
001101101 010011000 111110111 111110010 100010110 111010101
7 9
100101111 101110101 000110110 111111100 001101000 010010011 101001111
110000100 110110110 011010100 110000110 010000110 000100010 010010011
1 7
1101100
0001100
10 10
1011111111 1010000001 0100011111 0111000010 0111110100 1000001000 1001101000 0111101111 0000010000 1100110111
1001000100 1101001011 0101100011 1110111011 0001011100 1110100000 1110010110 0000111100 0010101011 0011010101
1 2
01
00
3 7
1110100 0011001 0111111
0010000 0011101 0111111
1 2
11
01
10 10
0000111010 0000101110 1001100000 0111010011 1010101000 1101011001 0101000101 0010110100 1111001111 1110010111
1011001001 1100111000 0011010101 1110110110 0100100100 1110100010 0001000011 0000011011 1001011111 0111101100
10 10
0110001100 1001101010 0101110100 0011001001 1110110101 0000001011 1001010010 0110010111 1110101010 1001110101
1100111101 0000011011 1011000101 1011011010 0011100011 0101100100 0110100110 1100000101 0011111000 1100011010
2 6
000000 001101
100000 101101
2 8
11001000 10010001
01011110 00000111
10 10
1000111100 0010110000 1111000011 0001000100 0100010010 1011100011 0110101010 1001111101 1100001111 0111011101
1000000010 1110011011 0000111011 0001111010 1101010100 1011110110 0110000101 1111101100 0010100101 0101001001
6 10
0000000000 0110010001 1011110111 1100001000 1101011010 0111001100
0010101101 0111100110 1001001101 0100110110 0011011100 0001001011
4 5
11101 10100 00011 00000
01101 10000 00100 10011
10 10
1001111110 1010100011 1011110111 0100001100 0100011100 1110110010 1111100100 0000000001 0001001001 0111011011
1011111110 0101010011 1110101011 1010110110 0100000101 0000010100 1110111011 1101101100 0001000000 0011001001
10 10
0110110110 1001010010 1101101001 0100011101 1010111011 0000010111 0111000010 0011100100 1110001101 1001101000
1000100010 1011001011 0001111101 0110000100 1011110001 0101011011 0010001110 1100010100 1111110000 0100101111
8 9
100010111 010100110 010100010 000010101 110100101 000010001 100010011 110100001
110101010 100011100 000011011 010101100 110101110 000011111 100011000 010101000
10 10
0000000100 0110101101 0011001011 1111111000 0010001100 0010110111 1101100010 1001011010 1100010101 1101110011
1100100000 0011010111 0111111110 1000000001 1001000110 1010001001 1000111010 0111101111 0101110101 0110011000
6 9
110100011 001001101 001000111 110111000 110101001 001011100
001011110 001001111 110101011 110110000 001010100 110111010
9 7
1110000 0110010 0010001 0011011 0100101 1001110 1011101 0000101 1100000
0101001 1101111 0000100 0010100 1100101 0111010 1010001 1000110 1110001
1 7
1101100
0110100
10 10
1011101101 1001010001 0110110010 1010101100 1000000111 0110111001 0001000000 0101011010 1110001111 0101110110
0010111011 1100100000 1100001100 1111100100 0000000111 0011111010 0111011001 1000010110 0001010001 1111101111
4 9
001010111 010101000 000101000 011010111
111010111 100101000 110101000 101010111
1 8
11001000
01001001
2 7
1111100 0000100
0011111 0001011
2 5
01011 01010
01001 01000
6 8
11001111 11000111 00101100 00100100 10000001 10001001
00111010 10011111 00110010 01111100 01110100 10010111
10 10
0100110111 0111011000 1111000010 1100011111 0011001011 1001101100 0101100101 1000110000 1010100110 0010011001
0111111010 0100100111 0000001000 0010011110 1010100001 0001010100 1100001111 1011110011 1111100000 1101011101
9 7
0011000 0111100 0100011 0100010 0000001 0100100 0000101 0010010 1100100
1011110 0100010 1111010 1000011 1100100 1100010 1100101 1000111 1010100
8 6
001000 001110 100110 001010 101100 110101 110110 101010
111001 000101 111011 011001 011111 000110 111101 010101
6 6
101100 100100 101001 000001 001001 100001
011111 010111 110010 011010 010010 111010
