100
1 2
10
11
1 3
001
011
10 7
1010000 1011111 0101001 1010011 0110010 1000010 1000000 1111010 1110001 0000000
1101100 1011111 0000111 1010100 0011100 1111101 0101110 1101110 1111110 1110001
1 5
01101
11010
6 7
1011001 0110010 1001101 0110110 1011101 0100110
1001101 1011101 0100010 1001001 0100110 0110110
4 5
10100 00101 01101 11100
10110 11110 01111 00111
1 2
01
11
10 10
0011101010 1010100111 0010010100 0111111010 1100010000 0100000011 1101001111 0001010101 1011101100 1100111001
0011011010 1001100011 1110011111 0110001100 0000011011 1110110110 1000101000 1111000000 0001100101 0101110101
10 10
0111001001 0010101000 1100000110 0010010101 1000110101 1101111100 1101001010 0011010010 0011101111 1100110011
1000101110 0011010100 0010011011 0010101101 0111010010 0011100001 1101110010 1100001000 1101001111 1100110101
2 8
01110000 00100011
00001111 01011100
10 10
0011110101 0001110110 0000101001 1111011000 1111000110 1000110010 0101011000 1110101011 1110001111 0000000101
1100111110 0000001101 0000010011 1110111101 0001000100 0001100000 1111100010 1010010011 0111111001 1111001110
2 4
0101 1001
0111 1111
2 8
01101111 11100001
01011111 11010001
4 9
011000000 110110100 011001010 110111110
100111100 100110110 001000010 001001000
6 10
0101010101 0110111100 0100100100 1010101000 1111000101 0101010001
1010111010 0101000111 1001010011 0000101010 1010111110 1011001011
10 10
0000111100 1001000101 0010011110 1111010110 0001100001 0111001110 0011111011 1110001010 1100100001 1100110001
0010110011 0100100000 1100000100 1101011001 1110011110 1010101011 0001000100 0001010100 0011101111 1111111011
10 10
1111111001 1011011100 0100010100 1001101111 1010100010 0111000011 0100000110 0001110000 0000111111 1110001001
0010000100 0010010110 1100110010 1001101001 1000011001 1101001100 0111100000 0001010011 0110101111 1111111111
10 10
1000111101 0110011000 1101010111 1000111110 1101000111 0010111000 0110000011 0011100010 1111101001 0001000100
0011011001 1001011100 1110001000 1001011111 1100100110 0000100101 1100110110 0111111001 0010000011 0111100010
10 10
1011110010 1110010011 1011110110 0111000100 0000111101 1000001111 0001101000 0101011101 1110100011 0100001000
0011001010 1100000001 0101100110 0110011111 1001100001 0110011011 1000110100 1010101101 1101010100 0011111010
10 10
0010110000 1101001101 1100011110 0110001111 1011101001 0111000001 1001110110 0101110011 1010110100 0000001010
0001100110 0111100011 1110011111 1100000000 1101011101 0000101000 0101011001 1011110111 0010011010 1010100100
6 7
0111110 0011010 0110010 0100011 0101111 0001011
0100111 0110110 0010010 0000011 0011110 0001111
4 10
0001100011 0000000010 0001001110 1010011101
0000001110 0001000010 1011011101 0000100011
7 8
01101000 01011101 10011010 11111000 01011110 01011000 10000100
10101011 10011011 00001011 01110111 10101101 10101110 01101001
2 3
010 001
011 111
2 7
0100011 0001110
0110000 1101001
5 10
1110110011 0010100101 0011100110 1101100110 0100101001
1000001011 0111011011 1111000011 0011110000 1110110001
10 10
1111100000 1000010111 0001010011 1001011001 1001110011 0010110001 0110110101 1100010001 1110101011 1011010111
1111110001 0111010001 1111011011 1001100010 1101010101 1010010011 0000110111 1110010101 0100110011 1000101001
10 10
1010010000 0001101001 1111101111 0100011000 1010001010 1101010111 1000110100 0011100110 0101011111 0110100001
1101001111 1110110001 1001111001 0101000111 1011110110 0010000000 0111111111 0010011010 0000100100 1100001000
2 4
0110 0111
1001 1000
3 7
1100110 0101010 1001000
1101001 1011110 0000010
10 10
0110000010 1101111001 0001000000 0011100011 0110101011 1000011101 1101010110 0000101100 1010110101 1111011110
0011100110 0101100001 0101001000 1110011100 1001111111 1100010100 0010001010 1110110011 0000101001 1011010111
10 10
0110010001 1001101100 0100111110 1011001111 1011100011 1100100001 0101010010 0100101100 0011011101 1010010010
1000010100 1111010110 0101100110 1010011011 0000101010 0111011011 1000111000 1001100101 0110100101 0111001001
2 8
11101010 10100010
00000000 01110001
4 5
00011 11100 11001 00000
00001 11011 11110 00010
2 3
110 111
100 101
8 6
011011 111000 011110 101101 001101 000001 011010 100100
111010 011000 000001 101101 001011 110100 011100 111011
10 10
0011011100 1100110110 1100110011 1110011111 1000000000 0101100101 0110011101 1011101011 0011000010 0001101000
1011101010 0001000100 1110110101 1000010010 0001000001 0101110111 1100011111 0011101000 0110011100 1110101011
10 10
1000110100 0001011110 1010110011 1101000111 0110100000 1011001001 0001100011 1110001100 0110011011 0101111100
0010101111 0100100001 1111111101 1111000110 0001010010 0111101010 0011010101 1000111000 1100011010 1000000101
5 9
010000001 101110110 001101001 111100110 111010000
001111100 111000101 101100011 111110011 010010100
9 9
100101001 110100111 110000110 010011010 110110001 001110100 010011111 110010011 011100101
010100101 000101110 001101110 001000101 000010000 100110101 101000011 000111011 001001101
10 10
1110011010 0001100101 1101100000 0010001101 1000011110 1100101110 0001010001 1110110110 0011111001 0111000011
1011101000 1011000100 1001011100 1000010010 0110001011 1101101100 0100010111 0010110001 0100100011 0111111111
5 10
0010111110 1110100011 0110001001 1001001010 0010110000
0011111101 1111000110 0000010100 1100100010 0000110000
7 6
111011 010100 011011 001011 011100 110110 001000
101010 100101 000101 110101 110110 001000 100010
4 10
1111100000 0000001000 0000111111 1011111001
0010001000 1110010100 1100101000 0101001100
10 10
1111100110 1111011001 0000100000 0001000000 0110001111 1001101101 0010010010 0100011101 1111111111 1000110010
1010110001 0100010111 0100001110 1101111110 1001100011 1011010001 0011000011 1111101100 0010011100 0100101000
6 4
0010 0110 1100 0100 1111 0001
0100 1100 1010 0110 0010 0011
6 5
01000 11000 11001 10011 10110 11110
00000 01101 00110 10110 01000 00111
10 10
0011110001 1101110000 1000001110 1110110100 1100111001 0011101111 0000001101 0100000110 0011011011 1111000010
0101010100 0110110110 0101100000 1000001111 1010000010 1110110101 1001111001 0101001010 0010111101 1011001011
10 10
0000101110 1111001101 1000100100 1110001010 0111010000 1100110111 0001110101 1011110001 0000001010 0111011011
1001010000 1001011011 0110100100 1110001010 1110101110 1111110101 0001001101 0010110111 0101110001 0000001010
7 9
001111100 111010111 100001000 001010000 000100100 100010010 111000001
100000011 010101000 011110000 100010101 010000100 111000110 111011100
10 10
0111010011 1011110000 1111000110 0101110000 1000101011 1010011110 1000001001 0010101101 0100110110 0101001101
0110011000 0100111011 1010111011 1110001101 0100000110 0101111101 1001000010 1001100000 1011010101 0011100110
1 3
001
100
10 10
1001101111 0100110111 0000010101 1000111110 0011101100 1111000000 1100011010 1111001010 0011000001 0110110001
1100001101 0000000110 0101110110 0011010010 1111011101 0111110000 1010101000 1011111001 1100000111 0000101011
8 10
1010010110 1010100010 0101110101 0101100001 0101111101 0101010101 1010111110 1010110110
0101110101 1010101010 1010011110 1010110110 0101101001 1010111110 0101111101 0101011101
10 10
0110011110 1010110101 1011011000 1111011100 1001101101 1100100110 0110100011 0101101001 0001010010 0000000011
1011000000 0100011100 1000011000 1101010011 1010101101 0000100111 0001110110 0111101011 1110101001 0111010110
10 10
1111010101 0111100100 1110111000 1000001001 1010001100 1001000110 0111101011 0000010011 0101110110 0000111011
0010011101 0111111000 1100110110 1011001000 0010110101 1010000111 0101100101 1101011011 0101101010 1000000010
10 6
000001 111100 000010 001101 000000 101000 101001 000011 111101 001100
100101 101001 101000 000001 000000 010100 010101 101010 101011 100100
10 7
0101010 0101001 1001110 1001101 1010001 0010010 1010010 1110001 1110010 0010001
1001101 1010001 0110101 1101110 1001110 1010010 0001110 0001101 0110110 1101101
10 10
0001001011 1111010110 0001011111 0010100111 0000100110 1101100000 1101010100 0110111000 1010101001 1110011001
1010101110 1100110000 1101001001 1101011101 0011000000 1110110001 0001000010 0010001111 0001110110 0110111111
6 4
1011 0101 0100 1010 0010 0011
0010 0101 1100 0011 1101 0100
4 7
0100010 1010010 1010110 0100110
1011111 1011011 0101011 0101111
10 8
00011001 00001010 00100000 00100001 00011000 11101010 00010000 00010001 11101011 00001011
10001000 01111011 01101001 01101000 01110010 01110011 01000010 01000011 10001001 01111010
10 10
1010111010 1111110001 1100001101 1011000000 0001110000 0111000110 0110110111 0001001001 1000001111 0100111110
0011100100 0111100110 0100011010 0001010001 1111010101 1010100010 1100101101 0000101011 1010011011 1101011100
2 7
1100101 0001011
1100011 0110011
10 10
0011111000 1011101000 1010110100 0111010110 1101100011 1100011111 0111000111 0100110001 1000001010 0000001101
1000000111 1011110001 1111001101 1100111000 0100101000 1000010110 0010100011 0011011111 0111001010 0101110100
10 10
1110000010 1010111011 1010101100 1111111010 0101100100 0100001101 0001011001 1101010111 0001110111 0010000000
0100010000 0100111110 1010110011 0000101101 0111001001 1011001011 1111110010 1000011110 1111100101 0001000100
10 10
1110110111 0001111111 0011110000 1100000111 1110001010 1100011111 0001100101 0011001000 1111010000 0000101000
1110010100 0011010011 0011101110 0001111011 1110101100 1100000001 1100011011 1101001100 0001100011 0010110100
10 10
1101001100 0001110011 0000100100 1010000010 1010000011 0101111001 1111111000 0011001100 1110111111 0100010111
1010101010 0011100100 1111010000 1010101011 0001011011 0100111111 0000001100 0101010001 1101100100 1110010111
2 6
110110 110100
000111 000101
4 6
101110 011100 110100 101010
100001 001101 011010 101001
10 10
0010010010 1000011111 0001101100 0010000000 0111110011 1000000100 0111101010 1111111101 1101011001 1100100111
1010100001 0110010100 1001011111 0100110000 0011010010 0111101010 1100111110 0011001001 1001001101 1100100111
2 9
011001101 000011011
100100111 110101111
2 7
0111000 1100001
1111000 0100001
4 6
001000 010010 001011 010111
001111 010110 010011 001100
9 7
1100110 1111101 1111001 1100001 1001110 1110111 1101100 1111111 0001011
1011110 1110001 1111100 1101001 0011011 1101111 1101101 1100111 1110110
4 7
1101010 1010100 0011000 1101011
1111101 1000010 0001110 1111100
4 10
1011111110 1100000010 1001110010 1110001110
0011101101 0001100001 0110011101 0100010001
6 6
101001 011011 110011 100001 000001 011101
110011 101111 011101 000111 001111 110101
2 7
1111111 1111110
1000101 1000100
10 10
1110111111 1100100010 1001000010 0010101011 0000000101 0010011010 0110011111 0011100000 0001010101 1101110000
0011110110 0000011000 0110010000 1011011000 0101100010 1111011011 0110101011 0010001000 0111000011 1001011011
10 10
1001111111 0110100011 0111101110 1000010100 1100111100 1001010101 1010010001 0110101000 0001000010 0111001011
1010000010 0000010110 1111101011 0001010000 1100101111 1110101010 0111111100 0000011101 1111000001 0001110101
4 7
0110000 0000101 1000101 1110000
1000101 0000101 1110000 0110000
9 6
000110 111101 111011 011011 101110 101001 110111 010110 001011
101101 010000 101111 001101 111100 100011 001111 001011 000110
4 6
001001 101110 000101 110000
010000 011010 001011 010111
10 10
1011010011 0000111011 1011011101 0110010000 1110101110 1001001101 0110100010 1001100100 0101111000 0100000111
0011000001 0000101001 1111110100 1101101010 0000011011 0010111110 1000010111 0110000010 1111011101 1101100100
2 3
110 010
000 100
3 4
1101 1010 1011
0011 0101 0010
2 10
0101001100 1111001100
1001011000 0101110001
10 10
1001010100 0111000100 0110111100 1001100011 0011011000 0010100011 1101111101 1000101010 0110011011 1100000111
1111110101 1110001101 1010010001 1111010010 1011101010 0001100011 0101001110 0000101010 0100110100 0000011101
10 10
0100001001 0000100100 1001100000 0011011010 0011010110 1110111101 1100100001 0110011110 1101110111 1011001011
0101101010 0010110101 1100010100 1111011110 1000000011 1101000010 0010111001 0001000111 1010101000 0111111101
5 7
1110011 1110110 0110111 0100100 0110110
0100111 0100110 1100010 1100111 0110101
2 3
111 110
011 010
10 10
1110001001 1000100100 1000010110 0101110110 1011011111 0110101101 0000101010 0111001001 0101010011 1011110000
1011011101 0101111110 1000100011 1011111000 0110101010 0110011000 1001000111 0000000111 0101010001 1110100100
3 5
10011 00110 01000
10100 10110 01000
5 9
000011111 001101011 010010010 110010110 101000000
010111110 110010010 111110001 010001001 101011010
10 10
1111101110 0101011110 1100100011 1000000011 0010100101 1010011100 0011111000 0001000010 0101110001 1110011101
1110111101 1010001110 1010100001 0000010001 0001100010 0101100011 0111111100 1101011010 0011011100 1100000111
10 7
1010010 1000010 0100111 1011101 0110000 1110000 1011110 1010001 0100001 1110001
0010010 1011011 0100101 1010101 0011011 1100110 1101111 0011010 1111110 1100001
6 6
111010 011011 100001 111100 001111 111111
010000 011110 000001 001101 111011 001011
7 6
001110 100111 011111 101111 100011 100001 010100
101101 110000 111001 011100 010100 010000 010101
10 10
0011100011 1111110011 1101111010 0101011001 1110000101 1001111100 0000000100 0010000001 0010001110 1100111110
1110100101 0110000110 0000111100 0001010001 1010100011 1100101100 0001011110 1101011010 0011011011 1111100001
